Page
Stream
Paragraph
FontType /F8 9.9626
148.712 707.125
01000006N01=1jr0vQa004KC0CC00<a0100<04`
436 0 1 0 1 26 0 0 1 0 1 0 0 
-14.944 -11.955
a020040003wn00[05a01a0uE00<0K3008a0200h00D3wna03
316 0 -1 0 122 0 0 -1 0 -1 0 0 -1 0 0 123 
0 -11.955
00X0^:0112>L00Pa0201=08\02f09a00D3wla0403G
331 0 0 0 0 0 1 0 1 0 0 1 0 1 
0 -11.955
2uz00H5A\0=y000a05008a000260=q01a1\k;=v
278 0 0 0 1 0 1 0 1 0 0 0 0 
0 -11.956
00H0000xh0080001[60ye9Iv
333 0 1 0 0 1 0 0 
14.944 -11.955
00308\037a0600H00l19X0040aa00<0OC00da0700S01=00x
336 0 0 0 0 0 0 0 0 0 0 0 -1 0 0 0 
-14.944 -11.955
05]00x03W05U03302J04J04O0?W0=503W08005Ia0803?
288 0 1 1 1 1 1 142 1 1 1 1 1 1 0 
0 -11.955
00801a0<P2y400d03W01=008000a090L20034v>32301=
397 0 -1 0 15 0 -1 -1 0 -1 0 237 -1 -1 0 
0 -11.955
00P03W0260668L80@D01I00D0LX008a0:0=Ea0;
407 0 1 0 1 1 0 1 0 0 0 19 1 
0 -11.955
a0<0IE00H00006O0264hT000:qK00Pa0=a0>0V?0IU0sg
345 0 -2 -3 -2 -1 -2 -2 -3 -2 -3 -2 -3 0 -2 
0 -11.956
000a0?00K04l0vQa006HZ0LT6Vt011
411 0 266 0 0 0 0 0 0 -1 
0 -11.955
00003700Pa020260660A=00<01a01I00Da0@@qP00<00p000
327 0 0 -1 0 -1 0 -1 0 -1 -1 -1 0 0 -1 -1 
0 -11.955
0p`00801aa0A1Cz00P03W01=09E0p`008000a0B00g000;<Q
299 0 0 -1 7 0 0 -1 -1 0 0 0 -1 134 0 -1 
0 -11.955
1WJ00<00p5oN0040A:a0C00450;a0D000>D^008a0E
293 0 1 0 0 0 8 1 1 0 1 0 0 1 
14.944 -11.955
00[01=01e0Zo03G03W0SC03706N06n0000ye9It00H0=E
325 0 -1 0 1 0 -1 -1 0 -1 0 -1 0 -1 -1 
-14.944 -11.955
0xh03W026;>k;=w3VG0DH06300Pa0Fa0G5A\
304 0 0 0 0 6 0 0 6 0 0 0 
0 -11.956
01I0041Cz01a03@0262;]00H3Az00h01c00S01=00007w01m000
360 0 -1 -1 0 6 0 -1 0 0 0 163 0 0 -1 -1 0 
0 -11.955
a0H0MI00H3B000x01q1MH01I00D5=813X0030Zn01=00P00t026
316 0 0 0 3 0 0 0 0 0 0 123 0 0 0 0 1 
0 -11.955
00`5Oz01aa0I00d00t0260_s01a0:V00l07g0D\01E0?O
362 0 0 0 15 0 0 0 0 0 0 0 0 0 0 
0 -11.955
02Ba0J00D0;c00812z08800l0?w0bR03A0030_700Pa06
321 0 2 0 0 0 2 0 0 0 0 119 0 0 0 
0 -11.955
00H01E00P06O03G00t0Ai01a01y0000rS4im0T004002va0K02J
314 0 0 1 4 1 0 0 0 1 0 4 0 1 0 0 4 
0 -11.956
04000Da0La0M02J0400o;00Pa0N63u0CC01m:`X
334 0 -1 -1 -1 0 -1 0 -1 0 0 0 -1 
14.944 -11.955
2uza001WJ1Ji0041q00?k03[a0O00P
323 0 1 0 1 0 0 1 0 117 
-14.944 -11.955
00]000a0P3z34_ua0F0sS06B01a0::00403s00`0Hn00w
342 0 -2 -1 -2 123 -1 -2 -2 -1 -2 -1 -2 -2 124 
0 -11.955
01=a0Q00P03W01=a0R01l03s00X0=m08P00D09903G
357 0 0 0 0 0 158 0 0 0 0 0 0 0 
0 -11.955
00t05U0S;01a037008000:a;0045v500Ha0S00w2?]000
350 0 0 0 -1 0 0 0 0 0 0 0 144 0 0 
0 -11.955
a0T02Ba0J0045[R0?c00h01i0Rj00t05U0p@00X
307 0 0 5 0 0 0 0 0 0 0 0 0 
0 -11.956
a0U01u02R02^0Rd
333 0 1 0 1 
14.944 -11.955
0vQa0002600`0jVa020040003wl00d0iu2VZ03J
274 0 0 -1 0 -1 0 -1 0 0 -1 -1 150 
-14.944 -11.955
03W1_va0103Wa0V01y000a0W0Kg00800Y00x03W0dD03u00[01=
244 0 0 0 0 0 0 0 0 0 0 18 0 0 0 171 0 
0 -11.955
00D0Vr1Mp0;`02F00d09U0DH02600`0_s0000A90]Q008
299 0 1 1 7 0 1 0 1 0 0 1 0 0 0 
0 -11.955
00D3y?07O2uza0G0\@0Rb0041Of00l0;k00Ha0X
288 0 9 0 1 0 0 1 0 0 1 0 0 
0 -11.955
00403W0\@5Oz01a0<P0CW05903[0Jf00<1Kv00Z003;9n0<4
432 0 0 1 0 0 0 0 0 0 0 0 1 309 0 0 
0 -11.956
0Dd7kl0040gc04000Da0Y4@h03o0[700011Ta0Z00P
378 0 0 0 0 1 0 11 0 0 0 0 0 1 
0 -11.955
?tE0002Gaa0[0:ha0\4gKa0]1WJ0Tp00<00Y00402r
278 0 0 0 0 148 11 0 0 0 0 0 11 0 
0 -11.955
a0^a0_3>K=WB00X04000D@@J0F1a0`
427 24 0 1 1 0 1 0 300 1 
0 -11.955
0gg01=00D2`N03805:0040?300X00l2bp0262dJ03_00<00p6P[
297 0 1 0 0 7 8 0 0 0 0 0 0 0 0 0 0 
0 -11.955
00x02R0260660]=00007O6Bta0a004>T^a0b
333 0 1 0 0 0 1 0 0 1 0 0 
14.944 -11.955
0030Ey0?w01==;22O>0040@L0<p1Mm00H01a0a9
458 0 0 0 0 0 31 -1 0 0 31 -1 0 
-14.944 -11.956
0Lha0c004a0d0D400D4C=0033wl01=20n01b0D401a2_N
279 0 0 0 11 0 0 147 0 0 0 1 10 0 0 
0 -11.955
05=00t0262;];=w01y01a2U=0032Ga0dd0Am1U820n00D
316 0 -1 0 -1 3 0 -1 123 0 0 -1 -1 0 -1 
0 -11.955
26l@YI0\F
334 0 0 
14.944 -11.955
0vQa001HW01a9L7a0e0CCa02004=lw01ba0f
308 0 0 1 0 0 1 0 1 0 1 5 
-14.944 -11.955
6;A01a02v0v67py00H01a19Z01x03W0eq00<0000pb
333 0 1 0 0 1 0 0 112 0 0 1 0 0 
14.944 -11.956
a0g00\00`000a0h03W6HK00Ha0i6950?201=000
433 0 0 0 0 0 0 25 0 0 310 0 0 
-14.944 -11.955
0y110O01ya0000H08Da0j0JF00L02b00pa0k
318 0 0 1 0 0 1 0 0 1 0 0 
169.365 -29.888
a0l
0 
Page
Stream
Paragraph
FontType /F8 9.9626
133.768 707.125
3ABa0ma0n00007w00t0<h5]n00308\a0o0M=a0p0jA
425 1 24 0 1 0 1 1 297 1 0 1 1 297 
0 -11.955
01y00l2\_a0q00400l0>:004a0ra0D12Aa0sa0t
349 0 1 4 5 0 1 0 0 1 0 1 144 
0 -11.955
02600<0L<03C0150VD4HK00X07da0u0030Am8\t01a
327 0 0 0 0 0 116 0 0 1 0 -1 0 0 
0 -11.955
a0v09]?MWa0w5DLa0xa0y00007w00ta0z0IA
343 0 0 2 0 2 0 0 0 0 0 0 
0 -11.956
01Ya0ma10a11a0F0>F01E00005u06N00x0Ht07;00x0OJ
360 0 7 0 165 0 0 1 1 0 0 0 0 0 1 
0 -11.955
a12a13
334 0 
14.944 -11.955
0vQa000260FV2Y_01a0::02B0000pb03Z4o[
394 0 0 0 0 0 0 0 0 0 232 0 
-14.944 -11.955
00X0046=W00h00X0CC00<00026l00P01=?<g03Za14000
407 0 -1 0 -1 0 -1 0 0 0 0 0 258 0 0 
0 -11.955
3wl<Vk01u0sS00xa1501ya160=E0=A01=0eq
364 0 8 0 0 0 0 0 7 0 0 0 
0 -11.955
00<2df1ZU000a17a180000p`0<h5]m0<ha1907s0vQ
283 0 0 0 0 145 10 0 0 0 10 1 0 0 
0 -11.956
a1:2O>00x03W7_`00X20n0;30?ya1;0J:a0F
429 0 1 -18 -19 -18 -19 -19 -18 247 -19 -18 
0 -11.955
a1<
0 
14.944 -11.955
a1=0=A0X4a1>00h00D1uh00P01=7hA0_Ma1?
365 0 0 0 0 0 0 0 0 0 0 174 
-14.944 -11.955
a0F00\0005v507g00H0006H?00C0jOa1@0Ae00X00\00D
405 0 1 0 0 1 0 0 19 0 18 0 0 0 1 
0 -11.955
0;d00<3Le00la1A07K00t1M<00`a0D00P00t02b05I5Oz00D;<Q00x
354 0 -3 -4 -3 5 -4 -3 -3 -4 -3 -4 -3 -3 -3 -3 -4 -3 
0 -11.955
03]01400C04P00X4HH07e00C04P00t1M<00P00<0>r01;007a1B
296 137 0 1 1 1 1 136 1 1 1 1 1 0 1 137 0 
0 -11.956
03W1ea3xu0vQa1C09]0Dd00<01b0041:900H00D
361 0 7 -1 0 0 -1 0 -1 6 0 -1 -1 
0 -11.955
2>Aa1Da1E7\=03700803Ca0D00`03700803Ca0D0:V3wl00\1UF
286 0 -11 -11 -11 -11 -11 -11 -11 -11 -11 -11 -11 -11 -11 -11 -11 
0 -11.955
0@Ka1F0446Jt00<05I2PF00l6fT00P00t0800@002B
400 0 16 -1 0 -1 -1 -1 0 -1 0 -1 -1 0 
0 -11.955
0Jna0D00t0;S3AC00407sa1G01=00D05ya1Ha1Ia0q
402 0 -1 0 0 16 0 -1 0 0 -1 0 247 17 
0 -11.955
1Z801Ma1J00Xa1Ka1L
333 0 1 0 0 0 
14.944 -11.956
01la0207s01=07ea1M0040Vf0000jz00800l0Me026
404 0 0 1 0 253 18 0 0 0 0 1 0 0 
-14.944 -11.955
a1Na0Fa0`5d[004<f^0AM1p501801=
401 0 -1 0 0 -1 0 -1 245 -1 
0 -11.955
01i05a0000A9a0201M0V300d03W5Oz01E6=903J
387 0 0 0 0 0 0 13 -1 0 -1 0 217 
0 -11.955
00ta1O03W7>H0115Oz01G03J00t;Jx03W0w[01e0\x
319 0 0 0 3 0 0 121 -1 0 3 0 0 0 
0 -11.955
1bu008a1P014a1Q3Hb4Ck0=A02600`0SK066a1R
329 0 -1 114 -1 -1 1 -1 0 -1 0 -1 -1 
0 -11.955
a1S01Ia1T0:V00006N00t0MI00H3Az00h01c03J0003wl01=08P
301 0 0 0 0 0 0 0 0 0 0 0 132 0 0 0 0 
0 -11.956
0;s0]Y07Pa02a0603706N00<0002e700P03?01=a1U
289 0 0 9 0 0 0 0 -1 0 0 -1 0 0 
0 -11.955
0;700H0002^l<Kk01a0:L00[01=01ya0W05935V00<4f400[026
344 0 0 0 0 1 0 133 0 0 0 1 0 1 0 133 0 
0 -11.955
0;S06600Da1Va1W02v2^l0082nH0J>000a1Xa1Y
365 0 0 0 0 16 0 0 0 0 0 0 16 
0 -11.955
a1Z8rf02Ba1[4s304405U0[C0jF00d02r1H]
330 0 0 1 0 0 1 0 0 0 1 0 
0 -11.955
01x00D0Gx02v8sw0MA00H01a6[e0\q02F03W67i00`
306 0 1 6 0 1 0 1 0 1 5 0 1 0 
0 -11.955
1S601E00<7VA03J00t0T400<01b00X01=00h7wH0:;02B02F
291 0 1 0 139 0 1 0 0 9 0 1 0 1 9 1 
0 -11.956
00007Oa1\0^:00<05I0=U03q00wa1]0?c02Ba1^004
274 0 0 0 0 0 0 0 151 0 0 -1 0 20 
0 -11.955
03G03@6;m01a0]Q00400P00801a0pa09E0jx007
395 0 15 0 0 0 0 0 0 0 15 0 235 
0 -11.955
00006>0Ck008a1_0^:1Bq00<05Q0<@00801E00H00l5d?00h
272 0 0 0 0 0 0 0 0 0 0 0 0 0 0 0 
0 -11.955
0001<Ua0201=20N0<x00<0N4
334 -1 110 0 -1 0 -1 -1 
14.944 -11.955
03Z1U800H01a3Eo0370Ld4^[00H01aa1`a1a3xu
400 0 0 0 0 16 0 0 17 0 0 17 0 
-14.944 -11.955
0=y01aa1b000a1c00801a08ma1d4jz9g^00P1sN08P01a
258 0 -1 0 -1 0 0 -1 15 0 -1 0 0 -1 0 
0 -11.956
1fc0033wm0S?1F^0@L;=v0D401a0<P05ya1e0C@
313 125 0 4 0 5 0 0 0 1 0 0 1 
0 -11.955
00P01=04000D8cC0Qb00h0;3a1fa1g03:0080OJ
377 0 0 0 0 0 11 0 0 0 198 0 0 
0 -11.955
a1208\a1h466a0D0S?1F]059a0D0SC@YI0000p`2O=
320 0 0 0 -1 0 0 0 0 0 0 -1 0 0 
0 -11.955
00h00D5tS008a1i4uka1=0::026066a1ja1k0043s4
291 0 0 0 0 0 139 0 0 -1 0 0 0 -1 
0 -11.955
0D40003wm08h03W01=<5500<7U^00047w0\`00P03W
267 0 1 13 1 1 0 1 0 1 0 1 0 1 
0 -11.956
0f^3N308P01c03Z0sS02B01a0p`00<0000;c0440SC20n
368 0 0 0 181 1 0 0 0 1 0 0 0 0 0 
0 -11.955
01F0040Fja1l0CC0040CEa1m00[01=00D0OC00P03W05U00`a1n
305 0 -7 -7 5 -7 -6 128 -7 -7 -6 -7 -7 -7 -6 -7 -7 
169.365 -29.888
a1o
0 
Page
Stream
Paragraph
FontType /F8 9.9626
133.768 707.125
02F03W01=00`5@s0080\@6_c0030:Z0eq0403]:00H
422 0 1 0 0 1 0 0 289 1 0 0 1 0 
0 -11.955
01a;s100400Da1pa1q3Yz0D401aa1r1^Q00<0go00<
322 0 2 0 0 0 0 1 0 1 0 0 0 0 
0 -11.955
00008\a1ha1s01101e0Iy02b03P01ya1t03J00t0>F00l
329 0 0 0 2 0 0 0 1 1 0 114 0 0 0 
0 -11.955
0996_b00t0sS0=f00400l3y>01=6Is00<0002u=00w0i]
322 0 2 0 0 2 0 0 0 0 0 0 0 118 0 
0 -11.956
0ll00005z0a95tT004a1u3Qj07<0CC0009KFa1v01Y
353 0 0 5 0 5 0 0 0 5 0 0 0 5 
0 -11.955
00l11da1w03Z9md?hb00h2dfAId0D401a0pa004
365 0 1 176 0 0 8 1 0 1 0 1 8 
0 -11.955
01a0=A0001jm0082EE
333 0 1 0 0 1 
14.944 -11.955
0Ux01a0CK2?M0003Eo00409Ea1x01b0IA00<
333 0 -1 -1 0 -1 -1 -1 0 0 -1 -1 
-14.944 -11.955
00D18O0040aa00<1I40J>04L0zF02F74U00Z
333 0 1 0 0 0 0 0 1 1 0 0 
14.944 -11.955
a1y03W0]u00<01F00H00D0bJ02F04\05Ia1z01F01q00t
307 0 1 0 1 5 0 1 0 0 1 1 1 5 1 
-14.944 -11.956
01=1`a01400t03s00`1LUa1y03W07s0Eg01x03W0hh
366 0 177 0 -1 0 0 176 0 0 0 176 0 0 
0 -11.955
004>I_0bF01Ga1y03Wa200;w02g<me00l2_N
278 0 0 0 148 0 1 0 0 11 0 0 
0 -11.955
a2101y02V0pb01l0J:00Xa2206Ya1L
333 0 0 1 111 1 1 0 112 1 
14.944 -11.955
00w5=L01124z?D=01aa1b02B08P00l2_M0041;Z
444 0 0 0 0 0 -1 0 0 -1 0 0 -1 
-14.944 -11.955
00006b07;02B01Ga2301901i00Xa2403W0vna25a26
350 0 0 0 0 144 -1 0 0 0 0 0 -1 144 
0 -11.955
a2700t1t?4Iva280000p`00\00`a2900X0h<00P00L02:
309 0 -1 -1 4 0 -1 -1 0 -1 8 0 -1 0 0 
0 -11.956
00`a2:
333 0 
14.944 -11.955
00G2pB3da00801m00P0154FJ0rb00d01aa2;01a00h
300 0 -1 0 -1 0 -1 0 0 -1 0 -1 -1 0 
-14.944 -11.955
;pI1:500<0eA00Za2600\00Da2<00X00\00`07d00C03ga2=0jA01y
389 0 0 1 0 224 0 1 0 29 0 0 1 14 1 0 224 1 
0 -11.955
00T9g_00X00\a2>00400T0::02:1[[a2?00L04P02R02:1[\
374 0 11 0 0 21 0 0 0 0 10 11 0 0 1 0 
0 -11.955
00700T2O900\a2@6Rl00lA9Na2A01y00Ta2B:FL09a0Ct
365 0 0 1 0 0 0 0 175 0 0 0 16 1 1 
0 -11.956
a2C03W3ABa2Da2E0Lh00x0OJa2F00t1>5
420 0 1 0 285 1 0 1 0 1 0 
0 -11.955
a2G0040IA07;2:H01a0F600h02r0pb03J03W05U0<@
319 0 -8 -7 -7 -8 -7 -7 -8 -8 118 -8 -8 -7 
0 -11.955
00D2MK00H01a06c03W0A=00D:@V0Cg00<0vQa0Ea2H
443 0 -1 0 0 27 0 0 0 -1 0 0 0 330 
0 -11.955
0?x02R06V01900C03g00`0Lja0F0<h0FB01900C03g00`0Lj00g
326 0 -3 -2 -2 -2 -3 -2 115 -2 -2 -3 -2 -2 -2 -3 116 
0 -11.955
70X0Px06V03C00X00\00`07e00O04\04P00X00\00`07e00C02N0N400C
336 0 0 0 0 0 0 0 117 0 0 0 0 0 0 117 0 0 117 
0 -11.955
04\0N400C07k00p01M7v8004a2I0030Bn00P0<401=a2J
354 0 152 0 0 0 0 5 0 0 0 0 -1 -1 0 
0 -11.956
a2H0<Pa2K03R0?O00<a2L0Fj00<01A0?w044a2M
415 0 1 193 0 1 0 42 0 0 1 0 0 
0 -11.955
00N03R00h01Aa2N03J0000Cg1_va0203W0IA00h00X
342 129 0 0 0 0 0 0 0 0 0 0 0 0 
0 -11.955
00<01a6[e1F:0040i]00X0Hd0D4000>fd06202F00t1U:03Z
290 0 -1 0 8 0 -1 0 0 0 0 -1 0 0 -1 140 
0 -11.955
01=04000D0yea2O1Y]0Li?ha08803W1y000X03A00K
402 0 0 0 -1 179 16 17 0 0 -1 0 0 247 
0 -11.955
0cC00t1Q800l0Nj0::0CC0000xx0>@00w07s08>a2P00C06;
274 0 -1 0 -1 0 0 0 -1 0 151 -1 0 150 0 -1 
0 -11.955
a2Q03W0w[00H6931rm00ha2R;[Ba18a2Sa2T00L
278 0 -1 -1 0 0 -1 0 0 147 11 0 -1 
0 -11.956
0K701900<a2Ua1800C0K700L00<a2S00w0=56St0980263?D
331 0 0 -1 0 0 0 0 -1 0 0 -1 0 0 -1 0 
0 -11.955
8`t004a2V00ha2W0040f_6VM00P00t01=3D901H0Fj
293 0 0 0 1 13 0 9 8 0 1 0 1 0 
0 -11.955
00H0f203G00ta1z07G06B00l6d>2em1_=00t01e0VN5Oz
335 0 0 -1 0 -1 0 0 -1 0 113 0 -1 0 -1 
0 -11.955
01b0Ae0080008nN5JI03W0260D\0D400l0?O00400l
345 0 -2 -3 -2 -2 -2 -3 -2 -2 -3 -2 -2 -2 
0 -11.955
09;03Z0eq07;040037a2X01I00D0\=0046=W2O=0bF
322 119 0 0 0 0 0 1 0 0 2 0 0 1 
0 -11.955
0002u<5GB00t02b0;W01aa2Ya2C03Wa2Z00w
354 0 6 0 1 0 1 0 5 1 0 154 
0 -11.956
03s00`0Bn01c00S01=00l0;g0\<01y1CXa020IA00H1I400801a
274 0 0 0 151 0 0 1 0 0 0 151 1 0 0 0 0 
0 -11.955
0pba0t01=@>>000;Lq=Cz00h00Z03Z0V:00008\037
365 174 0 0 0 0 0 0 0 174 -1 0 0 0 
0 -11.955
02B000a2[19X00h01e0<80084>c0047B[0002kb
373 0 0 0 -1 0 0 0 0 10 0 0 -1 
0 -11.955
6=W07<0?3000a2\3>M00[01=02v2M6a2]000
427 -1 23 0 0 0 297 0 0 -1 0 46 
0 -11.955
0n:01=0IU8Z403r00H00008@a2^0002bp02^6IG6Sw
425 0 0 0 293 0 0 0 0 0 0 0 0 0 
0 -11.956
a0202600`2Wm0002z00Lh3eR06J000=eh02F03W
461 0 1 0 1 0 0 0 0 0 1 1 0 
0 -11.955
2LL01d9g^01=a2_004000a2`a2a0D\00D0k7=Lc02B
345 136 0 0 0 0 0 1 0 1 0 0 1 0 
169.365 -29.888
a2b
0 
Page
Stream
Paragraph
FontType /F8 9.9626
133.768 707.125
0;34jz?[Z03Z03s00`05Q0002B119<6PR02F0cw00<000
412 0 0 268 1 1 0 0 0 20 0 0 0 0 0 
0 -11.955
a1[a2c008a0E03Z6=W1ZU00D2lRa2d05=000
400 0 0 0 246 0 1 0 1 0 17 1 
0 -11.955
>F<:2801a0Zj0wL01M;pma2e004:1[01a2z0A]D00<
392 0 1 0 0 16 0 0 15 1 0 0 1 0 
0 -11.955
9e603Z2m30J>000;1N004a2f00P1WJ36;0T0
433 310 0 0 0 -1 0 0 0 0 0 0 
0 -11.956
0007Iv0080001j>a2ga2h00403W03s00`03O0Fj0Eg04O
334 0 -1 0 0 -1 0 0 0 -1 0 0 -1 -1 112 
0 -11.955
2VX0Vf03?01=00D1s:2<Z6E_01ya2i00K0003y6008000
395 0 -1 0 -1 0 -1 0 -1 0 232 0 -1 -1 -1 
0 -11.955
9hk4im0Fj3x=01=00D05ya2ja0Fa0G1U800H00011T
270 0 0 0 0 0 0 -1 153 0 0 0 0 -1 
0 -11.955
a2k00P1CZ00D0N^008000a2l00400X01=00t0443?D03o00<
274 0 0 0 0 0 0 -1 20 0 0 0 0 0 0 0 
0 -11.955
00D0S?1RM2bp0003mR02F0V>015a2ma2n00G6Rp4D4
329 0 0 0 0 0 0 0 0 0 0 114 0 0 
0 -11.955
0086]400h01m0;33i:a2o01=0i]0D4000a2p02F026
434 0 25 0 1 0 1 25 1 0 0 0 25 1 
0 -11.956
0G30662SM00h000a2q00800Da2ra2s01x03?02^;GX
379 0 -1 0 -1 0 0 0 0 -1 201 0 0 0 
0 -11.955
a2t004a2u004a2v0os1e`00<a2wa0d05:004a2x
369 0 -7 -7 -7 -7 -7 -7 -8 8 0 0 -7 
0 -11.955
a2y004a2z00d000a0T0260660081G21hy0030;g0;700<
314 0 0 7 0 0 0 0 0 0 0 124 0 0 0 
0 -11.955
06:01=00D68va30008a311C608\a3200Pa020260A=
320 0 1 0 0 0 0 5 0 0 0 0 1 0 
0 -11.955
00<01E0]=0000aE00802ra3303B01=0006wA0080370Fj
378 0 0 0 0 1 0 0 200 1 0 0 0 1 1 
0 -11.955
00H0005Q@02B02F00t0V:03E01400X01=00`a3400X01=08`
371 0 0 0 0 0 0 0 186 0 0 0 0 19 0 0 
0 -11.956
00802v07O0Cg02B00l0?w00<00l07i00w0O300Z03Z01=>B4
405 0 0 -1 0 0 0 0 -1 0 254 0 0 254 -1 0 
0 -11.955
09800d0001bu00801a6[ea35a361Cja3703W23Fa38
331 0 0 0 0 0 0 0 0 0 0 0 0 1 
0 -11.955
00406O00C1j500002j09800d0\@01M8Nr02V3lQ00P02V158
369 0 9 1 0 0 0 0 0 1 0 0 1 0 0 1 
0 -11.955
a0F01U0FV04P00P00l0?x044;F301F2vp00<00028:
343 0 1 0 0 0 1 3 0 1 3 1 0 0 
0 -11.955
00P00\22P00h00077D008a39
333 0 1 0 0 1 0 0 
169.365 -328.767
a3:
0 

dynamic mapping zone:
Valmonde a00
L'Abri a01
Desiree a02
Why, a03
herself; a04
gateway a05
awoke a06
"Dada." a07
strayed a08
toddling a09
Texans, a0:
canvas-covered a0;
wagon, a0<
Coton a0=
Mais a0>
plantation. a0?
bene\fcent a0@
a\013ection, a0A
\resh. a0B
a\013ectionate a0C
- a0D
Valmonde. a0E
Armand a0F
Aubigny a0G
Aubignys a0H
before; a0I
Paris, a0J
avalanche, a0K
prairie a0L
\fre, a0M
drives a0N
considered: a0O
girl's a0P
reminded a0Q
nameless. a0R
Louisiana? a0S
corbeille a0T
arrived; a0U
shuddered a0V
\frst a0W
France, a0X
cowl, a0Y
galleries a0Z
stuccoed a0[
Big, a0\
oaks a0]
thick-leaved, a0^
far-reaching a0_
Aubigny's a0`
easy-going a0a
lifetime. a0b
muslins a0c
laces, a0d
\fgure a0e
hold- a0f
"This a0g
baby!" a0h
startled a0i
days."I a0j
astonished," a0k
1 a0l
Desiree, a0m
"at a0n
cochon a0o
lait! a0p
mamma, a0q
\fngernails a0r
\fnger-nails. a0s
Zandrine a0t
Zandrine?" a0u
turbaned a0v
"Mais a0w
Madame." a0x
"And a0y
cries," a0z
"is a10
deafening. a11
Blanche's a12
cabin." a13
scanned a14
searchingly a15
Zandrine, a16
\felds. a17
"Yes, a18
changed," a19
Valmonde, a1:
"What a1;
say?" a1<
Desiree's a1=
su\013used a1>
"Oh, a1?
chie\ry a1@
name; a1A
mamma," a1B
Valmonde's a1C
"he a1D
hasn't a1E
Negrillon, a1F
Negrillon a1G
scamp. a1H
Oh, a1I
happy; a1J
frightens a1K
me." a1L
Marriage, a1M
softened a1N
frowned a1O
God. a1P
Armand's a1Q
dis\fg- a1R
ured a1S
frowns a1T
some- a1U
disquieting a1V
suggestion; a1W
blacks; a1X
unex- a1Y
pected a1Z
far-o\013 a1[
love-light a1\
absented a1]
home; a1^
Satan a1_
peignoir, a1`
listlessly a1a
\fngers a1b
strands a1c
silky a1d
mahogany a1e
satin-lined a1f
half-canopy. a1g
quadroon a1h
peacock a1i
\fxed a1j
absently a1k
again; a1l
"Ah!" a1m
help; a1n
2 a1o
clammy a1p
moisture a1q
face.She a1r
boy; a1s
\frst. a1t
obediently a1u
\roor, a1v
tiptoes. a1w
noticing a1x
"Armand," a1y
stabbed a1z
panted a20
"look a21
mean? a22
"Tell a23
means!" a24
despairingly. a25
"It a26
means," a27
"that a28
white; a29
white." a2:
nerved a2;
lie; a2<
white! a2=
brown; a2>
Armand, a2?
fair," a2@
"Look a2A
hand; a2B
Armand," a2C
hysterically. a2D
"As a2E
Blanche's," a2F
cruelly; a2G
"My a2H
live." a2I
brief: a2J
Desiree: a2K
Valmonde; a2L
loves a2M
child." a2N
image: a2O
"Shall a2P
Armand?" a2Q
agonized a2R
go." a2S
"Do a2T
go?" a2U
unjustly a2V
him; a2W
stunned a2X
back."Good-by, a2Y
moaned. a2Z
nurse's a2[
live-oak a2\
afternoon; a2]
\felds a2^
uncovered a2_
sun's a2`
rays a2a
3 a2b
plantation a2c
\feld, a2d
shod, a2e
willows a2f
sluggish a2g
bayou; a2h
L'Abri. a2i
bon\fre. a2j
hallway a2k
spectacle; a2l
\fre a2m
ablaze. a2n
furbishings, a2o
pyre, a2p
richness a2q
priceless a2r
layette. a2s
gowns, a2t
velvet a2u
satin a2v
these; a2w
embroideries; a2x
bonnets a2y
gloves; a2z
bundle a30
letters; a31
scribblings a32
espousal. a33
Desiree's; a34
love:{ a35
"But a36
all," a37
"night a38
slavery." a39
4 a3:
